data = [
4.40169	NaN	NaN	0.08002	1.07145	-1.69176	2.46557	-4.85937	0.85458	0.91392	4.85330	0.92158	NaN	NaN	0.51324	2.25871	NaN	NaN
4.40169	2.96723	NaN	-0.08256	1.02993	-2.19322	-2.34171	1.43043	3.55683	-0.18562	4.60482	0.89707	NaN	NaN	1.77969	2.80576	NaN	NaN
4.40169	3.17141	NaN	-0.08408	0.82136	-2.68874	0.44851	6.01790	2.37595	-0.32659	2.92990	0.42962	NaN	NaN	5.21074	2.51403	NaN	NaN
4.40169	3.96432	NaN	0.09277	0.50126	-2.62455	4.48899	-9.50899	1.69664	-0.43069	3.87964	0.02973	NaN	NaN	2.54341	3.35069	NaN	NaN
4.34665	3.38649	3.57776	-0.79860	-0.54242	-2.01079	-9.42643	4.72180	0.26977	-0.20881	3.65153	0.07788	NaN	NaN	4.13513	3.83799	NaN	NaN
4.16217	3.57100	3.47597	-0.22590	-0.53722	-0.76556	8.85496	3.83344	0.14686	-0.32022	4.08719	0.60156	NaN	NaN	0.57557	1.16872	NaN	NaN
4.16217	3.52103	3.37405	-0.03880	-1.22465	-1.74174	-8.04401	-0.76178	1.56802	0.27937	3.56859	0.24068	NaN	NaN	-0.48807	2.51081	NaN	NaN
4.16217	4.47961	3.27191	-0.17221	-0.01587	-1.31984	8.66651	-5.18438	1.89285	0.31378	3.38655	0.61609	NaN	NaN	3.72420	2.13058	NaN	NaN
4.13818	3.17430	3.16959	-0.70322	-0.25594	-1.55976	3.11589	6.30554	0.97628	-0.17461	3.30827	0.80702	NaN	NaN	3.71499	0.97206	NaN	NaN
3.91967	2.79421	3.06743	-0.61526	-0.11934	-0.35235	-7.16162	-0.70412	0.68834	-0.35699	2.88930	0.34138	NaN	NaN	-2.67131	1.82232	NaN	NaN
3.68140	2.73971	2.96610	-1.16449	-0.59394	-2.42951	8.56306	6.07048	2.85188	-0.13494	3.35505	0.45957	NaN	NaN	7.91837	1.85293	NaN	NaN
3.56808	1.59363	2.86653	-0.85334	-0.12087	-1.26140	-5.32914	-1.19206	-0.01530	-0.13026	2.84433	0.31202	NaN	NaN	-2.84506	1.64508	NaN	NaN
3.29995	1.85333	2.76985	0.88200	0.33366	-0.54481	9.95735	1.99449	0.71193	-0.32738	3.27846	0.20003	NaN	NaN	1.86591	2.40206	NaN	NaN
3.19830	3.91596	2.67702	1.09089	2.64890	1.01556	-2.91529	-1.76792	4.39894	0.69111	1.90889	0.40236	0.90078	NaN	5.64039	2.36197	NaN	NaN
3.19830	1.56637	2.58867	1.42925	-0.47285	1.67230	-0.18316	5.21935	3.22024	-0.06240	2.49449	0.39576	1.01411	NaN	-0.27566	1.67884	NaN	NaN
3.02867	1.76040	2.50533	0.73812	0.80242	2.53638	14.33064	5.92592	-0.73807	-0.61494	3.78358	0.82094	1.11907	NaN	1.77753	1.41821	NaN	NaN
2.95588	1.98632	2.42730	-0.14259	1.35114	0.99420	-2.54152	3.45989	-0.26544	0.42446	1.11679	0.94530	0.95586	1.89533	1.14058	2.54709	3.12645	9.24430
2.95588	1.56214	2.35476	1.07902	0.97130	2.16340	-14.48763	-1.30041	7.13461	0.15195	2.50535	0.74360	0.80265	1.87317	2.12799	1.99570	3.32897	10.06030
2.97044	3.41899	2.28779	1.11848	1.01793	2.71536	6.44617	9.61871	3.44869	0.75970	2.76694	0.90702	0.88636	1.88840	3.30256	3.33384	3.92608	0.69109
3.19830	2.43028	2.22609	1.65534	1.24906	3.70360	10.64207	3.79755	-0.89210	0.63369	2.91880	0.90333	0.86259	1.91564	1.80224	1.52553	4.08140	2.37341
3.30479	2.04988	2.16928	0.36057	2.11244	2.27678	5.30896	6.55698	2.18852	0.73501	1.63370	0.33899	0.83936	1.97218	0.14416	3.25024	4.09980	-1.85053
3.44256	2.22298	2.11707	0.44304	1.28054	3.85453	-14.11898	-0.39002	5.83618	-0.83330	4.36684	0.35663	0.81660	1.97847	4.03014	2.57124	4.14538	6.57154
3.68140	0.74161	2.06928	0.43071	1.39295	0.48532	16.90468	3.65530	-3.16241	0.12087	3.09809	0.84611	0.80109	1.92865	1.10348	1.34360	3.86837	4.49384
3.68140	1.35428	2.02600	0.39388	1.18577	0.41774	-1.48936	0.93868	-0.70609	1.29666	2.21623	0.48229	0.76277	1.90260	1.08499	1.73213	3.56888	9.00727
3.68140	1.98340	1.98717	1.39348	1.01202	3.60412	-1.95273	1.81730	1.11836	-0.07209	1.94333	0.75672	0.90003	1.81477	1.10053	1.64358	3.58577	12.44275
3.85234	1.79220	1.95249	1.85572	1.05933	3.12102	-0.12245	3.32118	11.91598	0.72529	2.67337	1.06643	0.83216	1.76876	2.18542	1.89224	3.82587	3.38504
3.92207	2.25693	1.92138	1.12837	0.95891	1.80882	13.01264	5.29410	4.39179	0.12198	2.66775	0.75976	0.69561	1.75656	1.26650	2.74053	3.79378	8.27438
4.02298	2.70884	1.89297	0.94400	0.75170	0.99677	-4.96129	-4.25959	3.03623	0.06625	2.23957	0.86395	0.79309	1.71976	0.59947	2.17982	3.94531	8.14135
4.16217	2.27807	1.86632	0.28687	1.02073	2.12954	-4.45243	0.40614	-7.71449	-0.53227	3.10683	0.80447	0.85402	1.70716	1.21811	1.95575	3.74884	4.72910
4.16217	1.60137	1.84071	0.60980	0.56357	0.90637	2.73057	1.17655	-2.31301	0.02421	1.93349	1.17537	0.75504	1.70301	1.33680	1.25455	3.62596	-3.42795
4.16217	1.63879	1.81562	0.20868	0.81887	0.43025	9.47961	6.85442	1.38552	0.33952	2.10073	0.79839	0.77435	1.70265	2.72889	0.75803	3.47798	14.90962
3.97254	1.57388	1.79081	0.15088	0.19207	0.59664	0.27111	0.86138	3.53542	-0.33309	2.94091	0.87671	0.74610	1.71246	4.21510	0.91647	3.49971	-1.72458
3.86436	1.57219	1.76615	0.12630	0.90116	2.19379	0.96258	-2.88621	-0.43460	-2.19071	4.40928	0.27997	0.65909	1.69196	-1.05897	0.59879	3.28947	5.27331
4.09313	1.91686	1.74153	0.14132	0.15660	-0.07292	-3.07222	-0.03508	4.42373	0.33263	1.53907	0.52736	0.67225	1.67894	1.65629	0.83833	3.42645	9.04164
5.22810	1.93233	1.71671	-0.21941	0.05834	2.48426	-0.59739	1.69235	18.90505	-0.35206	2.59348	0.87427	0.64425	1.66659	2.34480	1.65840	4.30834	9.54413
4.95048	1.74323	1.69142	0.09658	-0.05068	1.49320	-2.64349	-0.92416	-3.02159	-0.19513	3.02781	0.88059	0.71102	1.61965	2.21605	1.45366	3.91806	-3.91550
4.37135	1.43083	1.66540	0.91539	0.16745	-7.32501	7.47512	-9.79551	3.39353	-0.11692	1.22177	0.64584	0.59966	1.55690	1.59494	0.93198	3.70148	3.60371
3.81594	1.66640	1.63848	0.79270	1.05904	-4.06362	-10.11581	-0.40756	-1.35134	-0.44611	3.13640	0.78456	0.74335	1.51258	0.27746	1.29886	3.67577	2.49233
3.33478	1.69277	1.61052	1.08619	1.00693	-0.50843	7.87210	0.77106	0.24120	-0.15932	1.81170	1.05714	0.76904	1.51864	1.84507	1.48360	3.70710	3.06749
2.98668	1.71193	1.58142	1.09365	0.88489	1.52920	1.68840	3.31421	1.21416	-0.62963	2.79627	1.48762	0.76968	1.55318	0.31310	1.37211	3.49327	9.93447
2.90317	1.86436	1.55109	1.11856	1.10046	1.41305	6.14758	3.21652	0.14093	-0.43988	2.76715	1.53965	0.88112	1.59650	2.03694	2.03443	3.40068	-1.05477
2.89518	2.29145	1.51948	0.91589	1.10612	1.42267	-3.55855	-3.15365	5.28601	-0.10405	2.96927	1.05262	0.56624	1.65562	2.07443	2.07312	3.53108	2.12781
2.89518	1.86710	1.48665	0.98551	1.00847	1.80693	0.19549	1.86045	-0.05270	-0.79950	2.48055	0.73273	1.00331	1.64678	1.97924	2.26077	3.34912	-1.41999
2.94519	1.50037	1.45288	0.84717	0.75610	2.11297	7.09290	2.59548	5.52642	0.27614	1.73032	0.59569	0.86864	1.74857	1.65956	2.20854	3.25882	2.97417
2.95588	1.63601	1.41875	0.64731	0.89078	0.26675	-1.17806	-1.49639	4.58599	-0.45279	2.21029	0.69645	0.72894	1.66479	1.35324	1.22741	2.97368	2.80117
2.91281	1.34930	1.38509	0.49867	0.72658	-0.25158	3.77649	1.83430	-0.90040	0.14483	1.38762	0.49765	1.18237	1.63482	1.41237	1.44698	2.84579	3.61884
2.63440	1.44370	1.35255	0.26523	0.80097	-0.01083	-8.68045	-4.63752	5.18665	-0.52644	1.96071	0.29235	0.65172	1.55602	1.67467	1.55395	2.62767	-0.45473
2.34724	1.59843	1.32165	0.76596	1.00331	-0.35006	2.05593	2.40170	18.83270	0.10741	1.69150	0.53235	0.48436	1.40481	1.86817	2.06786	2.64796	7.33643
2.59114	2.73533	1.29274	1.28925	1.10650	1.44761	1.21763	3.40288	11.34174	0.25176	3.87953	0.57698	0.80057	1.36562	2.44380	4.88822	3.10706	10.70803
2.87656	2.61821	1.26607	1.20368	0.22822	0.78889	2.86759	1.73846	-5.55581	0.24717	2.88333	1.04895	0.84408	1.39138	3.66071	4.13903	2.92837	1.28667
3.12123	2.51235	1.24178	0.81694	0.47010	2.16364	-3.77546	-0.36508	4.55229	0.91670	2.18568	0.80126	0.72758	1.33317	2.39349	2.57896	2.81338	1.65772
3.31930	2.67783	1.21995	0.66583	1.11188	2.48186	5.54587	2.95881	-7.50927	-0.51426	1.42477	0.52593	0.74113	1.23848	2.25228	2.04311	2.67799	-1.94827
3.31930	1.28792	1.20056	0.92111	0.30515	1.64497	-4.12860	-0.12725	-10.42829	-0.52414	2.87167	0.46936	1.05897	1.17151	1.00373	1.07464	2.48471	1.19305
3.24970	0.81772	1.18356	0.48716	0.57978	3.43210	-0.04917	3.32836	-4.47513	-1.74494	4.19344	0.68539	0.38428	1.09032	-1.76296	-0.57741	2.35782	-4.46402
2.78236	1.07803	1.16885	0.54121	1.00000	3.07759	3.67455	4.01981	-4.82555	-0.07237	2.42128	1.42877	0.49756	0.97645	0.52859	0.04364	2.34154	7.05774
