data = [
-0.0048130660848722	0.0127055801407017	0.0143482117986471	-0.0091946423840161	0.0096722946425079	0.0224192552302784	-0.1543747172084640	-0.0544429071792409	0.0017555029214220	-0.0504287213926995	0.0307217126465478	0.0040410868109437
-0.0038010777205084	0.0045739651984977	0.0303112915987969	-0.0252624731767668	-0.0064377904748483	0.0237718022122335	0.0350789619220730	0.0382115066096063	0.0207436818948281	-0.0126563251923928	0.0321570342788664	-0.0760875360543354
-0.0036577521716241	0.0059644336510036	-0.0031092635226315	0.0013274666636836	0.0000000000000000	0.0082569276445716	0.0087390190595915	-0.0210685993813913	0.0121080058798757	0.0476056191857941	0.0331786098106088	-0.0648573160412134
-0.0037013986381340	0.0042175302187344	-0.0034623762495265	-0.0017087644499085	0.0117711364502107	0.0090951058972530	0.0764254684621335	0.0270524350606571	0.0162259510484093	0.0521153935985756	0.0328459847661542	-0.0483454523709033
0.0066080849731995	0.0027934508546341	0.0287123154609832	0.0102266106661180	0.0000000000000000	0.0219395412894907	0.0799262909635434	0.0275643291883858	0.0010158153149309	-0.0083591933648357	0.0333599063302890	-0.0525756177579049
0.0115134351149142	0.0035496967697171	0.0241637574063747	-0.0169733425986713	0.0084746269909726	0.0197331551110782	0.0103294353784040	0.0358498850218254	0.0097880250896365	0.0104278409029863	0.0362852024165583	-0.0496575112704660
0.0044965051881611	0.0028020224298806	0.0113023853006506	0.0141126254563471	0.0000000000000000	0.0227526449507920	-0.0490593720719392	0.0154379853856987	0.0132748910109877	0.0299469319862355	0.0364424200764752	-0.0790175466147669
0.0028825416008314	0.0009600520885216	0.0034124910243261	0.0168214029363227	0.0010542963549058	0.0230763334096933	0.0131451020834472	0.0246476220848546	0.0203898481338092	0.0216719470511366	0.0364648739026630	-0.0655100338236729
-0.0035021651174994	0.0038358134403174	0.0149255665713639	-0.0239853714349385	-0.0042238711161851	0.0261987968216202	-0.0122143239428674	-0.0044002541186714	0.0014529724285115	-0.0189997157661228	0.0376752193697925	0.0501263037892361
-0.0001253419749165	-0.0005880661261068	0.0028416077727513	0.0056865595076472	0.0010576415581349	0.0176216013498194	0.0245151421500065	0.0185949166937185	0.0031758741528165	0.0480980114214882	0.0369883827273991	-0.1029150638032670
-0.0040128425289674	0.0020894745826547	-0.0018007102814703	-0.0006268536743539	0.0031662295580501	0.0157545598071787	0.0100912180480375	0.0109393658779222	-0.0126659683666839	0.0077610614244206	0.0352502733285174	-0.1172539550229070
-0.0044758470119373	-0.0040635744277706	-0.0000167380288536	0.0062455841291094	-0.0031662295580501	0.0070093744925766	-0.1210977014426890	0.0452826979454741	0.0239441046615259	0.0046804104436289	0.0346263180923341	-0.0840657697909510
-0.0046096134467737	0.0031386772886588	0.0160634705869525	0.0357651947367277	-0.0213683344056985	0.0131073580467636	0.0784747888569246	-0.0042812139070669	-0.0318591011545877	0.0603849088685786	0.0330501336744702	-0.1009496389976060
-0.0043409131142882	-0.0041878485406821	-0.0064843899634051	-0.0008853135951394	0.0032345041676596	0.0140713483577697	0.0518421813694872	0.0013076942448631	-0.0092968005088236	0.0558452666858376	0.0332692699992470	-0.0761447530343797
-0.0078137715716040	-0.0050363415078683	0.0192261628309884	-0.0044315667216948	-0.0043150013014133	0.0403384939668974	-0.2875417691287600	0.0175780991417902	-0.0084288520237035	0.0112629007751970	0.0468894371841340	-0.0061332729069301
-0.0045073350371356	-0.0059808627513704	0.0094593118793798	0.0374944457276909	-0.0010816658707418	0.0193971598827352	-0.0303506139401595	0.0021674806902272	0.0027548909394071	0.0696050002576944	0.0425482849279955	-0.0121899885519552
0.0038169202295046	-0.0036620979779189	-0.0785887658685205	-0.0335050068526384	-0.0010828371388314	0.0074428839070801	0.0254951953326312	-0.0381133086865955	-0.0301988717729449	-0.0036468430308769	0.0367267274472827	0.0198380573232337
0.0027063720321268	0.0053700602252729	-0.0458565273813427	0.0136019206709710	-0.0032555644597663	0.0031729270405769	0.1321962036733450	0.0270174104896217	0.0123007436756044	0.0266515726618648	0.0321873468149405	-0.0240971153517284
0.0057281104851032	0.0049351520570280	-0.0102185284008307	-0.0145278569098757	-0.0010875476873986	0.0028119526437198	-0.0025111658066326	-0.0042430438333199	-0.0454721731007508	-0.0066662680106742	0.0279327001137595	0.0610383351273152
0.0058462462906417	0.0037588772731727	0.0102028290920098	-0.0231908554326292	-0.0054555509015373	0.0059492738902085	0.0888365156599011	0.0413962802244594	-0.0078842849768837	0.0279421543574161	0.0257931342168860	0.0736833407453434
0.0060650101218531	0.0058838233237655	0.0090097045663997	0.0016300315002358	-0.0021905813798187	0.0155793353575069	0.0075596601207018	-0.0364236546754686	-0.0191261166478389	-0.0389702065582807	0.0239507230118479	0.0746970237687035
0.0039574663382576	0.0058595673523230	0.0090252631464072	-0.0147529768113701	-0.0043956114730381	0.0237621499324474	-0.1044803724770860	-0.0199863580675679	0.0061079217838147	-0.0117181577405230	0.0244083824692332	0.0959088104995578
0.0045958217325959	0.0048253417372477	0.0128076070611600	-0.0322359334335678	-0.0055218251843083	0.0186113713676779	0.0600657776627411	-0.0252659260495829	-0.0189646577933749	0.0522077864023283	0.0245323878432591	0.0832611194582746
0.0031870707257187	0.0022770490283905	0.0158465598878852	-0.0154168976590441	0.0055218251843083	0.0098296990685025	-0.0418955420718490	0.0306795046129302	0.0178832223936016	0.0077141046609031	0.0245866260378538	0.0781137493300057
0.0011486880865426	0.0035825754836925	-0.0026560304857703	-0.0011999181578712	-0.0033094349013672	0.0193741933435900	0.0331147327331411	-0.0062937895637276	-0.0323467366538486	-0.0630111593886120	0.0244548897619341	0.1148177261255250
-0.0003760014963303	0.0019034913266003	-0.0078777857137213	0.0112567588468631	-0.0033204236373026	0.0142882252968972	0.0167093452784464	0.0180674794469677	0.0101209727884246	0.0254445081417982	0.0246640942369065	0.0720847192377012
-0.0026619329864031	0.0026956452198519	-0.0054223873798485	-0.0042659293760599	-0.0022197567383131	0.0031476261429928	-0.1610466293989500	0.0114947257552203	0.0184720387807404	0.0392512662708890	0.0226675596040935	0.0633439638152264
0.0024711885280708	0.0048449301258029	-0.0086916368424355	0.0068665840009246	0.0033277900926745	0.0053283310517873	0.0787875919264618	0.0155986578741310	0.0075489124360093	0.0770960475092988	0.0216453550496400	0.0123896570350421
0.0078098745731010	0.0059816459100719	0.0093962180444063	-0.0408993442019270	0.0011068069751916	0.0333196164601794	0.0518590636356713	0.0142000454948317	-0.0611171000969941	-0.0975331515224793	0.0231736246257221	0.0311762614617184
0.0070315406875592	-0.0027225085349372	0.0028814690762502	0.0155080026813517	0.0033130897229601	0.0336106320586378	-0.0022746573823032	-0.0076305642632821	-0.0052574868950401	-0.0336041005434344	0.0265874116675573	0.0437669552261646
0.0032914812224760	-0.0001767485765192	0.0167580281544497	0.0099592234208279	0.0109650221413284	0.0295507374156250	-0.1297190432817480	-0.0254147519857657	-0.0350190740259011	0.0215898271151769	0.0279020096014047	0.0017354475787976
0.0019778742921148	0.0064382164447272	0.0201389425273026	-0.0345629415454694	-0.0010911075823348	0.0307626547970186	-0.0563594456632384	0.0478712998993487	0.0207487378464988	0.0039191753874013	0.0295401056486864	-0.0499488917321420
0.0047515265467957	-0.0014083249113255	0.0119917332673278	0.0041294715088514	-0.0065717651632351	0.0140599855682986	-0.1474603304168780	0.0038717140992990	0.0236639540750572	0.1005640507473940	0.0300361134043983	-0.0021273915673366
0.0006269338136597	0.0015531251463532	0.0300754795590619	-0.0123145861595475	-0.0222231367847101	0.0052219439811516	-0.0227691365225908	0.0551432891927792	0.0250065168547486	0.0187929549053276	0.0291198461255087	0.0494035082607138
