data = [
0.010440547	0.028813348	-0.010230572	0.0396127	0.0435667
-0.013571582	0.022377177	-0.003013896	0.0446585	0.0435
0.037737006	0.006635377	-0.00619883	0.0415225	0.0434333
0.019477848	0.032254694	0.031634146	0.042024	0.0433666
-0.010059343	0.008786775	-0.044539769	0.0567316	0.0432999
0.028896061	0.001168625	-0.020749943	0.0620285	0.0432332
-0.004615664	-0.002118731	-0.02206629	0.0672757	0.0431665
0.004922418	0.0206041	-0.046010756	0.0666667	0.0430998
0.028369746	-0.004802781	0.017804501	0.0544872	0.0430331
-0.008206383	0.010252301	-0.080026014	0.0655091	0.0429664
0.022444031	0.013271394	-0.048588171	0.0715953	0.0428997
0.033696371	0.060945844	-0.060965753	0.091821	0.042833
0.018463591	0.036927181	-0.087127521	0.100304	0.0427663
0.032287736	0.017728774	-0.070766151	0.0925926	0.0254667
0.011803008	0.007863097	-0.05578732	0.0987654	0.0269333
0.036260702	0.04462783	-0.02785143	0.0932862	0.0451333
0.01202438	0.025487164	-0.011655009	0.10221	0.0508
0.006379934	0.012756794	0.026322001	0.130169	0.0605667
-0.006718301	-0.00629683	-0.090770406	0.138136	0.0606
-0.017085162	0.094876492	0.014851371	0.137686	0.0592333
0.006324477	0.024160281	0.033968881	0.134085	0.0567333
0.003404922	0.007808055	-0.037188129	0.121776	0.0603667
0.013522363	-0.013129619	0.02442934	0.109175	0.0684
-0.01368905	0.041838219	-0.035624422	0.107955	0.0708667
-0.019901592	0.013689811	-0.077687173	0.116022	0.0725
0.033352682	-0.006183604	0.03227081	0.112299	0.0767
0.000805847	-0.043034355	-0.00219933	0.104712	0.0773
-0.010475428	0.030153716	-0.028308441	0.112821	0.0786
0.005059928	-0.007634576	-0.021496743	0.113861	0.0784333
-0.001879424	-0.010438688	-0.072423687	0.105769	0.0787333
0.018245634	-0.035405345	-0.027457924	0.113744	0.0791333
0.003847038	0.033346309	-0.006301253	0.105991	0.0795667
0.017253832	0.004516065	0.009312362	0.0933333	0.0798333
0.00832226	0.004489822	-0.114902056	0.121739	0.0784667
0.000419619	-0.00749855	-0.000893551	0.123404	0.0744333
0.02297091	0.030706592	-0.074204172	0.125	0.0688667
0.003680918	0.0067456	0.042950421	0.126016	0.0550667
0.012562081	0.009937078	-0.072139981	0.139535	0.0468333
0.027088433	0.016549605	-0.111564087	0.140152	0.0395667
0.036394489	0.069002612	-0.211199307	0.133333	0.0421667
0.004733499	0.015933023	0.051666898	0.140794	0.0447667
0.032078811	0.02199084	-0.048050374	0.122449	0.0451667
-0.000368089	-0.007393144	0.043956388	0.149502	0.0535667
-0.008776393	0.05834592	-0.038048474	0.160131	0.0719
0.015885394	0.020863824	0.001172144	0.148734	0.0855
-0.012734498	0.013494297	0.038089719	0.157576	0.110433
0.017878164	-0.00798307	-0.014808175	0.144509	0.124267
-0.022894101	0.045350346	-0.011859104	0.143662	0.151833
-0.013284609	-0.006679645	-0.055253014	0.165289	0.159167
0.012941887	-0.016697063	-0.03577047	0.138743	0.1631
-0.008483442	-0.029643183	-0.08901118	0.138889	0.149533
-0.018718984	0.015357597	-0.071754983	0.140394	0.1111
-0.007949205	0.01000073	-0.028683121	0.125296	0.117233
0.019941552	-0.000697626	-0.006986797	0.121839	0.1473
0.00768693	0.00064077	0.022308005	0.10643	0.162167
0.032698709	0.026444055	-0.046494669	0.101512	0.1775
0.019657039	0.012623821	-0.006276706	0.113445	0.1775
-0.005426641	0.004945728	-0.06683977	0.116803	0.2075
0.001847133	-0.020642218	-0.014478434	0.128257	0.210833
-0.005144895	0.006237292	-0.076487208	0.15098	0.2175
-0.020234541	-0.008058089	-0.052730882	0.162264	0.1917
0.015164979	0.006151707	-0.031704761	0.163303	0.159633
0.005150694	0.002622455	-0.053436806	0.174067	0.133733
-0.013205258	0.018072918	-0.035709171	0.192504	0.120467
0.007712007	0.005946485	-0.064368262	0.173701	0.1105
0.027491844	0.00956313	-0.045577758	0.190852	0.0983667
-0.021112659	-0.005631827	-0.053617512	0.189107	0.0878333
0.01684773	0.008925352	-0.015280679	0.165714	0.0869667
0.007904042	0.018950877	-0.01435865	0.171508	0.0866667
0.012386155	-0.002070915	-0.02888578	0.15894	0.0869333
0.009609942	0.006550139	-0.041456325	0.151399	0.088
0.00043889	0.017505	-0.028074908	0.136029	0.0984333
0.014533551	0.011167718	-0.049989441	0.127509	0.1135
0.017122509	0.008857077	-0.007617748	0.124571	0.125367
0.004051967	-0.006340411	-0.009210286	0.123757	0.143933
0.000756987	0.010736025	-0.085194878	0.135922	0.155133
-0.003781326	-0.004478571	-0.068486981	0.148691	0.1677
0.002832204	0.001365907	-0.008896142	0.153455	0.1714
-0.011659399	-0.010611665	-0.010426472	0.150442	0.1792
0.001149736	0.017604279	-0.06595336	0.150997	0.179833
-0.002100516	-0.014821934	-0.058290082	0.139471	0.179933
0.0029636	-0.013661856	-0.003391164	0.136564	0.176533
-0.018162204	-0.018265432	-0.014389455	0.146154	0.175533
0.002445555	-0.006650203	-0.059008977	0.144389	0.1712
-0.002357323	-0.007930799	-0.053034382	0.1512	0.1672
0.009576621	-0.003857086	-0.039642618	0.155814	0.166433
-0.002921288	-0.008230181	-0.047959326	0.161074	0.1625
-0.008010361	-0.013163821	-0.042755327	0.158616	0.157933
-0.00795985	-0.014940404	0.009449671	0.150104	0.1449
-0.013489303	-0.007301687	-0.052736982	0.141516	0.1275
-0.015896237	-0.010169655	-0.0185351	0.1079	0.1205
0.019527637	-0.008442869	-0.025595625	0.0939639	0.1153
0.013107921	-0.017635262	-0.06792269	0.106344	0.115067
0.009308691	-0.00487091	-0.029500277	0.0940071	0.116867
0.004801391	-0.018324253	-0.02671638	0.0944928	0.105233
-0.00472779	0.005545726	-0.032706993	0.0967008	0.101467
0.028141246	0.002726874	-0.014812959	0.0715456	0.1064
0.007876334	0.007057083	0.026064884	0.0912997	0.107833
0.005885366	0.002133127	-0.014886511	0.0979873	0.121467
-0.009484916	0.011523871	-0.053286548	0.0995851	0.128667
0.01838208	-0.054352095	-0.032972185	0.106524	0.134967
-0.001044391	-0.007870293	-0.01316263	0.0772638	0.139467
0.007391756	-0.00888639	-0.006558683	0.0656054	0.138
0.022834646	0.020357155	-0.013931462	0.0650943	0.140267
0.017598086	-0.000385946	-0.026673457	0.0608015	0.153233
0.009692329	0.001251858	0.004965482	0.0762905	0.153933
0.002050808	-0.006445122	-0.028130838	0.0914441	0.154033
0.007583347	-0.013754013	-0.009606001	0.0961027	0.159433
0.009830245	-0.010779447	-0.020832257	0.0937907	0.156367
-0.001721788	-0.00852922	-0.003791148	0.086163	0.148633
-0.007427544	-0.019069787	-0.023622302	0.0688511	0.145867
0.006165716	-0.033856168	0.068255069	0.0549495	0.1389
0.005513299	-0.010778019	-0.051557266	0.0512108	0.139867
-0.012808171	-0.006136515	0.013295761	0.077374	0.201167
0.004378563	-0.017817769	-0.001457743	0.0908033	0.181367
0.007336272	0.003500539	-0.014993152	0.0846419	0.1552
0.013068347	-0.016923176	-0.013679397	0.0728852	0.1351
-0.007720631	-0.018026436	-0.016287662	0.0333696	0.1165
0.007909835	-0.012839879	-0.020959988	0.019566	0.107233
0.015034633	-0.014371001	-0.003923293	0.0278955	0.0993
0.013409615	-0.015493762	-0.033288243	0.0492784	0.101267
0.003850055	-0.014163425	-0.033415012	0.0659881	0.1018
0.010873311	0.003009348	-0.037479207	0.0701326	0.102033
0.010999262	-0.016945549	-0.005014523	0.0742013	0.101467
-0.006594365	-0.006007603	0.016015819	0.0640725	0.102367
0.001194024	-0.004528974	-0.004100631	0.0477445	0.0938
0.019392903	-1.46262E-05	-0.043705316	0.0430388	0.0894333
0.023169905	-0.007253564	-0.025186917	0.0569236	0.0959667
-0.000521187	0.005894151	-0.027941146	0.0772383	0.110667
0.022408682	0.013981961	-0.01436708	0.104023	0.116367
0.001322455	0.010594704	-0.05566141	0.12754	0.1235
0.011691677	-0.004384364	0.027164937	0.106808	0.125667
-0.012166109	-0.03542528	0.010734774	0.0778461	0.121667
0.029966879	0.002976191	-0.001856694	0.0469684	0.101867
0.007732292	0.007421159	-0.038387042	0.00748544	0.0774
0.026483657	0.023564337	-0.009139144	0.00437397	0.0761
0.007460076	0.014587957	0.033768816	0.00678794	0.0777
0.013363597	0.024557911	-0.015782482	0.0127787	0.0748333
-0.001349324	0.137315614	-0.06083082	0.0316456	0.0726667
0.022155867	-0.026990963	0.001019402	0.0285792	0.0724
0.022420878	0.037686176	-0.01570533	0.0318231	0.0682
0.013025785	0.017258653	-0.010003994	0.0389262	0.0673
