data = [
0.0155141472969262	0.0105857980675315	-0.0436451393591977	0.0096645497024088	0.0040804309271145	0.0261478935369706	0.0917000000000000	0.0969000000000000	0.1333000000000000	0.1374000000000000
0.0148736232832416	0.0083778306159328	-0.0376111682413978	0.0205559830908104	0.0242699530750343	0.0253504686766171	0.0980000000000000	0.1056000000000000	0.1400000000000000	0.1470000000000000
0.0071272463757790	0.0080748803062045	0.0219064937585802	0.0092043909245749	0.0176908700400329	0.0193557787904926	0.1032000000000000	0.1139000000000000	0.1450000000000000	0.1471000000000000
0.0049048862260737	0.0066915013870244	0.0222355009663993	0.0329383606171660	0.0237509195096823	-0.0023695793933580	0.0880000000000000	0.0927000000000000	0.1365000000000000	0.1361000000000000
0.0076894214211549	0.0114359907007948	0.0581822275209438	0.0026839476804437	0.0230022903473035	0.0214597501845102	0.0818000000000000	0.0848000000000000	0.1306000000000000	0.1339000000000000
0.0067299775560983	0.0061687908167603	0.0360660955589163	0.0121279484561096	0.0274877664332376	0.0148706933797875	0.0746000000000000	0.0792000000000000	0.1278000000000000	0.1302000000000000
0.0128205728774642	0.0057826350635466	0.0140475876038302	0.0080644498625677	0.0330358224068181	0.0165625069983637	0.0711000000000000	0.0790000000000000	0.1214000000000000	0.1247000000000000
0.0045151445058149	0.0057667081229127	0.0367265699840251	0.0427333616495851	0.0396438850630236	0.0284185975306652	0.0717000000000000	0.0810000000000000	0.1173000000000000	0.1198000000000000
0.0042998233705767	0.0048722430909391	0.1056169962281820	0.0097411022443463	0.0005096778315465	-0.0097791783817609	0.0690000000000000	0.0783000000000000	0.1056000000000000	0.1102000000000000
0.0018213468968362	0.0039906479270764	0.0871335766974948	0.0157513332078221	0.0211525908066683	0.0037803158865977	0.0614000000000000	0.0692000000000000	0.1025000000000000	0.1027000000000000
0.0071746025871171	0.0040260807002381	-0.0015762694390951	0.0152394279090817	0.0270521818270293	0.0215010661522452	0.0552000000000000	0.0621000000000000	0.1024000000000000	0.1018000000000000
0.0022437402926148	0.0055584115829364	0.0043044559467704	0.0264624909859670	0.0257769245197270	0.0078228843532084	0.0535000000000000	0.0627000000000000	0.0966000000000000	0.1009000000000000
0.0034654390290267	0.0072340704960894	0.1304618071390420	-0.0172593987270577	-0.0078955635379447	0.0103183762577856	0.0554000000000000	0.0622000000000000	0.0911000000000000	0.0966000000000000
0.0082711145853072	0.0066791974208957	0.0421671940499726	0.0089565550104158	0.0244184035890722	0.0045691332689763	0.0566000000000000	0.0665000000000000	0.1032000000000000	0.1036000000000000
0.0063501808778543	0.0072343620415767	0.0769048144335152	0.0047410728743671	0.0178959604824218	0.0035064360874912	0.0604000000000000	0.0684000000000000	0.1050000000000000	0.1091000000000000
0.0139153347355858	0.0082396414341259	-0.2301152793913980	0.0189681131177100	0.0008068782819723	0.0161241394675269	0.0586000000000000	0.0692000000000000	0.1085000000000000	0.1138000000000000
0.0028820913787548	0.0078283435718838	0.0029850956472179	0.0124893052168868	0.0039534883558314	0.0128057344162542	0.0572000000000000	0.0666000000000000	0.1008000000000000	0.1075000000000000
0.0108367253097459	0.0096189075134383	0.0087428925078781	-0.0048663627428347	0.0177771447841089	0.0054501507121607	0.0621000000000000	0.0716000000000000	0.1037000000000000	0.1098000000000000
0.0033159458855678	0.0117105667590192	0.0015336604163201	-0.0020443027786801	0.0121007445297892	-0.0015160811806645	0.0701000000000000	0.0798000000000000	0.1050000000000000	0.1107000000000000
0.0109308267249322	0.0079861147345435	0.0222879043016464	0.0115365008341684	0.0203569213225414	0.0410323444647069	0.0773000000000000	0.0847000000000000	0.1039000000000000	0.1051000000000000
0.0072267404022721	0.0109328747603818	0.0444541454034768	-0.0060606290172665	-0.0022387843043497	0.0287009282546791	0.0854000000000000	0.0944000000000000	0.1080000000000000	0.1064000000000000
0.0056556796861802	0.0102852413845618	0.0658752020652127	-0.0070228483051285	0.0142718143159080	-0.0000966954963300	0.0841000000000000	0.0973000000000000	0.1067000000000000	0.1037000000000000
0.0051580648390210	0.0072161022011859	0.0798749808325958	0.0039163198389076	0.0147492538262064	0.0025417720019600	0.0784000000000000	0.0908000000000000	0.1000000000000000	0.0989000000000000
-0.0001116804161008	0.0069340925321670	0.0023742532278543	0.0083768662285610	0.0152949445992832	0.0020354962914073	0.0765000000000000	0.0861000000000000	0.0982000000000000	0.0981000000000000
0.0028901666504382	0.0109803108354534	-0.0368194197669949	-0.0143953627331328	-0.0018795624092540	-0.0080768889949994	0.0776000000000000	0.0825000000000000	0.1012000000000000	0.1010000000000000
0.0017613467753748	0.0102599097358960	0.0282955016236226	-0.0123150304131361	0.0086915980795865	-0.0091365726023351	0.0775000000000000	0.0824000000000000	0.1034000000000000	0.1031000000000000
-0.0020656135768675	0.0088900117050166	-0.0494976209741553	-0.0019290800411262	0.0090515140782443	0.0086107710488701	0.0748000000000000	0.0816000000000000	0.1011000000000000	0.1042000000000000
-0.0112572568240168	0.0075407078608150	-0.0667818640990081	-0.0009326197616826	0.0068729752235051	-0.0017414770802695	0.0699000000000000	0.0774000000000000	0.0995000000000000	0.1060000000000000
-0.0068398399974559	0.0099178258174471	0.0969956910426424	0.0107928225919238	-0.0087610921126355	-0.0071627035833970	0.0602000000000000	0.0643000000000000	0.0950000000000000	0.1020000000000000
0.0057142458596733	0.0068291524712416	0.0654096469826433	-0.0280054943530246	0.0101120355140107	-0.0051716080836552	0.0556000000000000	0.0586000000000000	0.0953000000000000	0.0992000000000000
0.0023541960192990	0.0073171234871676	0.0107145860374560	-0.0137500821551448	0.0037418681360393	0.0029489063698023	0.0538000000000000	0.0564000000000000	0.0928000000000000	0.0968000000000000
0.0015766980333982	0.0053847169961214	-0.0013468174268256	-0.0018703782446981	0.0120093338031921	-0.0084060022600223	0.0454000000000000	0.0482000000000000	0.0869000000000000	0.0940000000000000
0.0095436449419513	0.0042841345032141	0.0579316741760891	-0.0348545345715010	-0.0027976849234008	0.0396122302047832	0.0389000000000000	0.0402000000000000	0.0871000000000000	0.0920000000000000
0.0087092817667980	0.0063564669237648	-0.0110035076332302	-0.0090318572348096	0.0038557702535371	-0.0070871031174704	0.0368000000000000	0.0377000000000000	0.0868000000000000	0.0913000000000000
0.0069961567841386	0.0047480441546153	0.0123224155756754	-0.0211118698190198	0.0086965975340796	-0.0040476533146077	0.0308000000000000	0.0326000000000000	0.0801000000000000	0.0870000000000000
0.0069059084527776	0.0067360250189905	0.0088920805449000	-0.0019150998822290	0.0100089418551192	-0.0045526930651878	0.0307000000000000	0.0304000000000000	0.0821000000000000	0.0887000000000000
-0.0006582871532697	0.0056720060752307	0.0383312148386308	-0.0230028599461534	-0.0062067699743853	0.0112639737735680	0.0296000000000000	0.0304000000000000	0.0773000000000000	0.0840000000000000
0.0036141288400007	0.0060565320501853	0.0001578846349259	-0.0076191467760545	0.0085806106278525	0.0022919497615188	0.0297000000000000	0.0300000000000000	0.0745000000000000	0.0814000000000000
0.0022282136148721	0.0060062734191826	0.0119015983364026	-0.0076405153611727	0.0136697132711614	0.0005034195123717	0.0300000000000000	0.0306000000000000	0.0708000000000000	0.0762000000000000
0.0104332511777550	0.0052020374934934	0.0181366769446960	-0.0052099320323720	0.0145863015652843	0.0058406625667420	0.0306000000000000	0.0299000000000000	0.0705000000000000	0.0755000000000000
0.0073929837981677	0.0048336725200393	0.0057504773633106	-0.0116951741575431	0.0000555080236335	-0.0001903918291983	0.0324000000000000	0.0321000000000000	0.0730000000000000	0.0785000000000000
